[header]
stamp = "2025-10-28T12:00:00"
frame_id = "laser_frame"

[scan]
angle_min = 0.0
angle_max = 4.71238898
angle_increment = 0.0174533

time_increment = 0.0
scan_time = 0.1

range_min = 0.2
range_max = 3.0

# ranges dizisi, çizimdeki 3 ayrı çizgiyi temsil edecek şekilde düzenlendi.
# Geçersiz değerler (-1.0) çizgiler arasındaki boşlukları (segmentleri) ayırır.
ranges = [
  # 1. Çizgi (Resmin sol tarafı)
  -1.0, -1.0, -1.0, -1.0, -1.0, -1.0, -1.0, -1.0, -1.0, -1.0,
  1.2, 1.18, 1.16, 1.15, 1.14, 1.13, 1.12, 1.11, 1.1, 1.09,
  1.08, 1.07, 1.06, 1.05, 1.04, 1.03, 1.02, 1.01, 1.0, 0.99,
  0.98, 0.97, 0.96, 0.95, 0.94, 0.93, 0.92, 0.91, 0.9, -1.0,

  # Çizgiler arası boşluk
  -1.0, -1.0, -1.0, -1.0, -1.0, -1.0, -1.0, -1.0, -1.0, -1.0,
  -1.0, -1.0, -1.0, -1.0, -1.0, -1.0, -1.0, -1.0, -1.0, -1.0,
  -1.0, -1.0, -1.0, -1.0, -1.0, -1.0, -1.0, -1.0, -1.0, -1.0,

  # 2. Çizgi (Resmin üst ortası)
  2.5, 2.52, 2.53, 2.54, 2.55, 2.54, 2.53, 2.52, 2.5, 2.48,
  2.47, 2.46, 2.45, 2.46, 2.47, 2.48, 2.5, -1.0, -1.0, -1.0,

  # Çizgiler arası boşluk
  -1.0, -1.0, -1.0, -1.0, -1.0, -1.0, -1.0, -1.0, -1.0, -1.0,
  -1.0, -1.0, -1.0, -1.0, -1.0, -1.0, -1.0, -1.0, -1.0, -1.0,
  -1.0, -1.0, -1.0, -1.0, -1.0, -1.0, -1.0, -1.0, -1.0, -1.0,
  -1.0, -1.0, -1.0, -1.0, -1.0, -1.0, -1.0, -1.0, -1.0, -1.0,

  # 3. Çizgi (Resmin sağ tarafı)
  1.4, 1.42, 1.44, 1.46, 1.48, 1.5, 1.52, 1.54, 1.56, 1.58,
  1.6, 1.62, 1.64, 1.66, 1.68, 1.7, 1.72, 1.74, 1.76, 1.78,
  1.8, 1.82, 1.84, 1.86, 1.88, 1.9, -1.0, -1.0, -1.0, -1.0,

  # Kalan tarama alanı (boş)
  -1.0, -1.0, -1.0, -1.0, -1.0, -1.0, -1.0, -1.0, -1.0, -1.0,
  -1.0, -1.0, -1.0, -1.0, -1.0, -1.0, -1.0, -1.0, -1.0, -1.0,
  -1.0, -1.0, -1.0, -1.0, -1.0, -1.0, -1.0, -1.0, -1.0, -1.0,
  -1.0, -1.0, -1.0, -1.0, -1.0, -1.0, -1.0, -1.0, -1.0, -1.0,
  -1.0, -1.0, -1.0, -1.0, -1.0, -1.0, -1.0, -1.0, -1.0, -1.0,
  -1.0, -1.0, -1.0, -1.0, -1.0, -1.0, -1.0, -1.0, -1.0, -1.0,
  -1.0, -1.0, -1.0, -1.0, -1.0, -1.0, -1.0, -1.0, -1.0, -1.0
]

# Intensities dizisi örnek dosyada boştu, burada da boş bırakıldı.
intensities = []
